λ² = 13.0, N = 100, dps = 130; prime powers [2, 4, 8, 3, 9, 5, 7, 11, 13]; built in 225.9s
variant nopole; eigensolve 19.3s; smallest eigenvalues: 3.7209e-59, 1.45701e-51, 1.18591e-44, 2.43712e-38
η̂(i/2) = 0.86942
k   γ_k                      |zero(η̂) − γ_k|
1   14.13472514173469379     2.60179e-55
2   21.022039638771554993    4.80071e-52
3   25.010857580145688763    4.43756e-50
4   30.42487612585951321     3.89903e-47
5   32.935061587739189691    7.59453e-46
6   37.586178158825671257    1.13198e-43
7   40.918719012147495187    1.07245e-41
8   43.327073280914999519    1.2694e-40
9   48.005150881167159728    4.40141e-38
10  49.773832477672302182    4.24869e-37
11  52.970321477714460644    5.86724e-36
12  56.446247697063394804    3.24443e-34
13  59.34704400260235308     2.44517e-32
14  60.831778524609809844    9.02026e-32
15  65.112544048081606661    5.13539e-30
16  67.079810529494173714    7.04142e-29
17  69.546401711173979253    6.47754e-28
18  72.067157674481907583    4.96772e-27
19  75.704690699083933168    5.86016e-25
20  77.144840068874805373    3.76751e-24
21  79.337375020249367923    1.03779e-23
22  82.910380854086030183    3.52722e-22
23  84.735492980517050106    3.03977e-21
24  87.425274613125229407    5.66201e-20
25  88.809111207634465424    1.41755e-19
26  92.491899270558484296    2.19821e-18
27  94.651344040519886967    6.31599e-17
28  95.870634228245309759    1.42037e-16
29  98.831194218193692233    4.34328e-16
30  101.31785100573139123    4.47113e-15
31  103.72553804047833942    7.01522e-14
32  105.44662305232609449    3.81989e-13
33  107.16861118427640752    5.99581e-13
34  111.02953554316967452    4.26414e-11
35  111.87465917699263709    1.10653e-10
36  114.32022091545271277    1.95651e-10
37  116.22668032085755438    5.20728e-10
38  118.79078286597621732    2.05031e-9
39  121.37012500242064592    3.42274e-8
40  122.9468292935525882     2.10931e-7
41  124.25681855434576718    2.23714e-7
42  127.51668387959649512    5.95608e-7
43  129.57870419995605099    5.77737e-6
44  131.08768853093265672    1.41389e-5
45  133.49773720299758645    5.56111e-5
46  134.75650975337387133    7.20794e-5
47  138.1160420545334432     0.000314865
48  139.73620895212138895    0.00209081
49  141.12370740402112376    0.00313565
50  143.11184580762063274    0.00212727
total 255.2s
