           t     x        ε₀ even       ε₀ odd  n₋(even, odd)
         0.0     2        0.32383       1.6995  (0, 0)
         0.0     3       0.043537      0.76489  (0, 0)
         0.0     5     0.00068642      0.05981  (0, 0)
         0.0     7      5.0284e-6    0.0013987  (0, 0)
         0.0    10      3.7507e-9    3.0624e-6  (0, 0)
         0.0    15     2.9009e-14   3.8578e-11  (0, 0)
 0.055292197     2         1.6108       1.6879  (0, 0)
 0.055292197     3         1.3722      0.76927  (0, 0)
 0.055292197     5        0.56932     0.029189  (0, 0)
 0.055292197     7       0.081691     -0.04528  (0, 1)
 0.055292197    10     0.00063355    -0.081403  (0, 1)
 0.055292197    15      2.0482e-8      -0.1686  (0, 1)
         0.5     2         1.6108       1.6879  (0, 0)
         0.5     3         1.5356       1.1851  (0, 0)
         0.5     5         1.0207      0.82775  (0, 0)
         0.5     7        0.15059       0.7523  (0, 0)
         0.5    10     0.00093556     0.069522  (0, 0)
         0.5    15      3.4635e-8    7.8735e-6  (0, 0)
         1.0     2         1.6108       1.6879  (0, 0)
         1.0     3         1.6094       1.6095  (0, 0)
         1.0     5         1.6094       1.6094  (0, 0)
         1.0     7       0.026834      0.13838  (0, 0)
         1.0    10     0.00025271     0.017321  (0, 0)
         1.0    15      1.3057e-8    2.1009e-6  (0, 0)
